2.216000000000000014e+01
2.041000000000000014e+01
1.807999999999999829e+01
1.691000000000000014e+01
1.458000000000000007e+01
1.311999999999999922e+01
1.136999999999999922e+01
1.050000000000000000e+01
8.160000000000000142e+00
7.870000000000000107e+00
5.250000000000000000e+00
5.250000000000000000e+00
4.080000000000000071e+00
3.790000000000000036e+00
2.919999999999999929e+00
5.250000000000000000e+00
4.080000000000000071e+00
6.709999999999999964e+00
7.870000000000000107e+00
8.750000000000000000e+00
